476 4825
1 458
290 123
241 74
295 192
210 370
323 406
86 388
131 92
73 264
245 456
302 79
245 143
306 385
49 328
431 56
391 129
15 232
453 469
164 5
113 169
418 304
445 430
142 397
352 14
374 363
414 168
452 171
304 348
443 59
147 249
387 291
80 41
428 19
438 132
246 211
216 59
367 358
42 135
103 74
316 434
419 466
181 183
145 101
49 450
280 434
31 32
235 379
430 359
414 88
389 8
294 278
174 417
421 425
463 270
26 204
300 470
256 190
218 355
56 178
88 70
82 350
220 239
393 414
362 426
414 94
149 310
49 113
134 426
210 468
442 267
45 347
362 211
353 158
289 473
462 16
474 464
151 296
335 460
230 61
283 472
216 471
304 236
159 429
108 46
313 61
66 60
193 72
72 94
200 401
380 409
184 301
144 418
354 155
6 289
431 182
318 164
155 382
201 462
155 291
139 259
434 365
93 53
309 173
321 209
418 181
454 417
107 102
154 52
316 399
36 173
274 294
384 55
103 178
443 141
240 376
250 468
459 200
432 243
195 43
265 303
315 84
254 258
384 25
256 101
279 23
20 15
51 240
9 443
382 370
98 66
455 278
421 116
342 371
164 325
194 129
272 215
120 13
154 260
243 145
46 137
272 74
43 174
397 448
47 344
334 61
80 346
325 136
31 100
440 242
105 124
259 112
56 142
228 423
448 353
319 38
396 39
36 37
463 110
430 285
85 243
408 399
221 71
347 161
160 454
261 208
288 366
302 9
218 234
38 6
188 287
18 239
260 92
130 157
125 255
266 347
417 462
457 373
313 369
286 47
401 471
385 442
166 32
20 158
255 421
384 307
461 176
20 214
302 422
419 324
234 454
351 113
54 267
299 322
201 271
465 61
455 94
99 357
303 319
219 46
266 184
215 277
21 288
472 304
409 190
74 467
169 16
59 341
16 292
344 285
206 177
415 210
155 201
93 185
156 209
219 475
14 230
251 244
286 336
55 190
252 8
455 392
65 288
122 246
415 374
265 119
164 11
303 268
170 462
27 253
2 136
249 219
415 67
12 254
427 247
219 247
353 447
21 88
14 404
383 364
31 108
158 379
207 83
226 271
291 185
232 33
386 285
447 5
132 9
371 454
275 194
339 52
343 158
437 261
281 221
42 375
171 319
21 446
226 441
249 410
411 4
359 449
448 25
384 301
104 339
127 229
124 163
322 133
413 316
358 238
334 262
23 358
250 229
151 414
313 422
97 308
381 33
328 46
71 177
207 211
221 122
379 43
364 257
353 290
69 269
295 289
128 303
313 104
99 327
122 403
431 208
95 369
119 6
327 81
276 66
256 124
247 90
419 45
134 197
45 147
130 301
293 387
468 366
214 13
390 323
196 466
377 142
431 97
351 290
101 319
124 157
246 399
140 471
472 218
311 424
367 87
413 276
207 442
307 429
414 22
131 37
457 434
419 100
355 325
427 425
50 392
362 97
257 43
365 18
180 27
59 261
75 369
192 159
10 420
200 332
219 27
340 153
270 208
272 149
142 97
107 455
39 285
366 106
12 44
84 49
433 363
230 83
279 104
174 304
164 211
305 207
183 330
318 71
354 77
208 151
32 321
411 131
71 172
31 468
90 88
461 182
257 465
27 13
320 10
311 199
330 195
418 468
66 262
45 384
215 194
76 21
430 472
64 252
107 242
57 267
261 165
470 442
357 110
265 192
265 56
27 447
338 14
75 12
367 415
68 295
65 265
412 300
304 297
188 291
108 394
224 129
221 255
173 360
334 405
393 55
372 106
317 396
129 287
85 131
168 244
64 292
134 140
43 132
421 215
269 473
253 337
276 211
161 397
131 418
361 265
403 236
247 300
232 249
132 273
257 172
352 450
22 111
141 364
330 11
95 252
230 392
44 128
128 136
336 17
165 357
156 288
351 473
368 91
271 23
475 156
279 410
121 18
244 338
293 148
83 26
62 114
254 5
109 116
362 251
409 142
455 109
275 102
369 419
329 5
344 280
71 182
404 70
191 116
138 40
19 13
251 85
85 23
378 47
14 250
104 426
238 266
155 196
85 98
7 52
304 128
200 254
129 71
251 453
30 232
103 63
103 112
147 459
380 189
430 80
17 272
413 277
178 217
80 294
54 334
295 214
87 383
413 433
387 139
414 102
120 189
94 410
233 308
14 438
89 415
116 267
44 149
234 91
41 294
317 172
161 113
40 404
112 391
446 169
356 316
446 419
101 16
440 227
228 264
44 87
176 262
454 358
173 182
175 159
271 23
464 219
259 99
133 178
89 78
447 7
80 227
394 2
239 330
290 162
453 52
392 359
23 295
184 419
330 417
272 411
303 368
198 350
236 220
25 99
254 110
413 67
288 469
172 294
240 159
175 231
329 234
363 337
197 97
21 386
340 389
153 466
301 337
70 14
415 402
307 421
91 131
464 222
199 159
472 162
99 88
398 420
78 359
258 313
67 338
280 222
281 100
269 309
20 283
79 66
270 14
299 78
61 88
309 385
157 5
80 360
31 160
107 118
109 54
198 468
318 264
412 350
132 294
122 14
71 377
389 290
2 467
83 216
57 239
314 436
251 205
116 75
20 17
287 408
445 451
188 6
212 179
154 456
12 308
471 322
31 71
72 198
230 352
244 432
140 91
308 178
86 223
281 312
52 233
196 152
282 290
19 226
346 319
219 281
238 208
448 102
100 223
128 74
120 370
271 185
441 54
212 293
169 374
463 309
311 238
208 71
264 350
405 448
325 71
157 232
350 162
432 126
255 442
269 54
383 325
66 400
362 390
75 219
232 352
417 348
370 210
81 452
99 416
144 98
349 108
327 317
364 336
376 130
327 379
95 155
232 111
369 440
345 474
467 288
252 466
304 228
198 50
382 34
275 96
227 125
116 366
435 228
94 431
32 398
46 77
229 420
101 428
45 142
13 32
71 65
142 49
347 225
468 437
358 136
243 421
99 405
334 18
402 288
11 417
396 204
462 435
218 187
324 255
358 449
59 421
153 139
330 283
27 188
33 418
302 282
421 91
3 319
92 270
203 390
105 266
261 40
449 126
389 3
195 65
199 280
405 416
310 437
1 8
403 16
403 132
86 97
313 130
419 422
462 92
275 321
60 293
251 255
16 213
306 369
283 19
262 17
16 170
197 325
255 349
376 147
285 111
116 260
206 444
266 195
111 176
174 303
259 180
19 389
401 140
241 152
230 54
116 256
324 451
458 53
401 451
156 268
458 100
148 234
35 71
237 104
288 167
129 131
266 209
377 236
323 222
344 202
425 401
467 17
129 16
113 448
410 196
435 7
364 7
174 129
391 287
12 166
294 20
285 28
105 192
265 308
323 442
417 429
42 437
310 451
212 141
60 383
157 426
93 123
350 110
322 239
104 186
447 15
376 378
262 473
360 31
184 154
281 448
389 27
39 9
391 242
134 65
283 153
183 302
195 279
120 383
243 109
308 235
124 169
161 446
41 15
398 301
61 446
8 471
101 4
243 267
404 71
466 416
472 471
354 213
368 207
218 292
433 345
110 360
94 311
440 394
403 36
242 125
314 63
76 344
157 189
425 458
388 390
166 427
153 440
126 241
75 326
6 124
88 363
60 412
133 421
396 233
324 55
318 423
160 77
250 46
318 391
88 127
132 368
286 309
257 223
300 158
179 20
474 170
188 187
283 368
380 476
94 112
347 34
370 262
258 274
141 320
183 379
417 394
148 463
126 394
175 349
130 242
41 397
140 212
185 285
53 375
296 453
381 475
209 186
186 215
221 300
184 339
48 428
29 414
456 78
31 452
3 475
315 6
181 117
208 349
302 185
76 43
54 318
137 320
331 465
365 210
8 49
364 200
346 131
403 35
217 23
5 313
459 345
299 253
400 63
339 365
331 197
327 11
293 136
452 325
83 374
11 421
337 8
447 167
16 446
184 404
194 145
10 414
330 355
193 43
25 1
345 7
383 467
200 63
188 356
229 179
115 434
328 290
305 337
303 46
16 420
61 357
39 338
21 325
291 336
288 230
424 97
97 380
260 54
93 48
180 111
341 447
431 240
343 313
107 149
393 5
64 333
232 272
53 249
386 3
208 146
446 140
177 118
315 145
3 89
423 468
231 154
129 11
356 204
126 243
285 249
415 289
128 142
260 285
396 455
66 115
51 5
101 188
357 187
318 421
360 139
188 340
340 145
66 252
206 90
12 245
329 408
413 93
96 442
40 465
238 128
303 59
205 285
281 367
290 461
421 105
475 37
232 40
396 8
352 35
47 295
245 407
218 414
289 469
276 293
383 466
373 334
476 256
140 152
108 301
225 58
377 171
44 193
1 398
191 475
281 104
166 223
83 248
232 445
60 426
145 130
259 466
236 363
205 305
469 39
40 475
294 353
230 420
130 22
325 446
183 320
409 327
148 253
207 383
99 113
51 312
159 70
261 227
241 24
417 100
64 455
74 221
292 438
171 315
76 306
41 325
347 424
375 310
448 190
206 9
123 181
364 369
452 62
401 74
61 269
249 291
423 19
405 335
450 462
428 314
282 18
178 91
466 347
424 266
95 200
303 167
439 149
328 249
32 55
293 434
465 185
364 238
24 147
256 434
29 363
183 96
7 183
432 219
216 42
203 30
347 257
104 280
64 403
185 471
381 189
194 28
399 428
100 399
172 385
34 128
208 224
368 170
432 387
335 345
264 322
324 60
388 246
272 158
442 287
401 102
451 348
401 378
156 435
204 313
227 46
360 348
255 357
182 287
346 335
9 383
438 374
71 280
214 322
104 22
272 142
195 335
159 464
244 336
445 12
464 146
41 1
336 357
361 427
465 109
32 426
54 420
15 260
384 117
190 413
134 296
466 193
325 81
6 360
13 375
473 232
298 237
303 60
330 18
359 288
373 98
133 167
364 453
152 3
11 78
459 361
324 71
15 232
324 280
174 276
28 343
68 178
213 411
293 363
57 39
108 381
106 112
431 249
448 396
178 94
234 202
186 213
348 131
165 121
25 369
244 443
438 321
180 468
468 22
213 115
5 233
301 393
321 258
175 112
200 361
68 204
255 282
33 61
381 223
474 221
420 272
150 418
34 352
81 189
268 174
75 337
196 294
26 30
423 381
180 287
226 418
123 281
425 448
293 21
288 304
387 279
231 40
41 145
37 8
368 291
311 271
409 389
135 126
81 451
333 61
244 361
412 170
310 142
41 111
378 365
316 74
298 453
339 281
404 283
159 377
426 448
48 119
44 342
6 430
447 284
408 183
119 399
465 314
457 254
178 237
217 230
326 468
341 340
223 290
346 270
120 127
5 50
130 61
242 14
182 473
161 264
410 141
148 87
225 307
112 476
58 115
414 365
257 299
444 475
465 459
100 469
248 451
123 144
250 455
251 378
90 150
143 178
179 103
292 437
212 42
372 225
301 364
171 128
356 30
403 462
288 264
240 280
383 11
122 232
438 46
271 264
96 70
104 309
290 51
194 129
420 414
72 3
171 312
230 444
68 113
23 18
17 205
108 303
55 73
74 347
290 242
243 83
99 435
154 299
193 335
375 388
439 291
440 270
248 35
173 81
433 49
158 92
233 29
21 14
448 146
156 468
334 335
230 32
452 257
40 377
65 195
272 464
156 450
336 401
449 79
282 42
102 404
192 298
385 329
67 459
373 259
292 271
180 117
452 136
466 411
324 62
94 275
392 424
230 377
411 121
113 161
381 163
260 210
42 65
51 392
1 122
51 443
217 133
178 189
240 26
106 25
38 435
170 357
197 242
409 89
343 320
279 152
459 251
208 326
54 47
415 263
372 440
305 300
25 136
106 35
228 465
445 323
254 269
359 230
181 9
2 193
11 4
454 214
227 88
138 394
109 43
84 206
275 117
56 192
181 377
475 444
61 400
88 151
310 275
175 245
24 121
188 136
415 372
180 167
165 188
244 309
431 205
37 260
405 46
235 104
436 84
55 412
461 357
5 351
66 82
35 61
399 427
151 276
88 355
169 15
189 11
433 77
418 392
389 126
415 207
146 436
210 93
211 440
198 238
462 139
285 302
474 150
476 233
353 355
263 121
348 279
107 29
435 1
351 438
201 21
159 244
365 404
274 209
63 250
428 394
400 210
92 49
144 386
381 404
119 418
42 427
401 394
48 379
71 282
296 3
377 425
287 69
215 75
210 426
6 90
329 425
237 322
80 397
354 189
458 56
406 69
143 199
120 211
433 297
190 199
475 114
244 338
65 452
450 247
445 224
32 192
423 63
12 449
285 203
274 314
422 251
93 98
4 264
182 425
4 240
102 440
457 258
58 137
2 174
310 107
112 152
391 145
111 156
452 45
196 333
29 9
293 427
97 36
134 462
281 404
450 276
413 339
113 357
278 279
429 333
474 241
7 418
285 414
434 143
1 444
130 196
145 76
266 303
28 118
146 178
336 200
222 453
110 347
145 450
336 173
198 310
44 228
204 310
340 217
161 271
9 17
317 104
69 251
54 436
230 242
212 304
419 256
135 164
197 256
214 452
74 218
458 207
436 114
356 42
8 15
249 68
365 380
442 32
257 443
319 422
151 366
236 361
100 457
328 313
268 90
430 299
210 146
22 417
128 413
138 37
470 88
118 284
92 323
69 58
157 154
313 360
464 125
22 252
9 313
186 19
462 420
380 447
22 162
426 81
289 120
440 199
287 165
109 267
378 112
339 324
449 15
128 250
105 11
396 239
125 337
468 48
125 19
74 272
278 429
176 302
421 433
196 309
181 298
232 215
20 12
333 246
188 325
28 414
295 361
374 226
360 474
382 464
175 7
4 454
461 288
35 164
92 328
468 204
304 280
222 167
192 35
342 375
453 470
143 138
321 68
268 300
445 365
267 257
341 344
317 454
471 429
469 329
296 299
381 290
348 34
271 158
41 306
435 61
30 17
197 394
142 137
138 7
293 82
172 240
33 170
299 14
408 188
372 35
470 36
417 393
441 126
417 403
402 132
163 438
72 186
86 102
312 148
155 457
21 281
433 262
305 345
350 432
70 146
217 115
380 303
375 69
422 12
308 40
301 467
329 312
61 367
283 247
341 431
141 452
118 227
294 355
132 114
19 373
181 406
95 363
307 173
110 236
125 196
296 65
283 201
317 45
163 207
445 426
213 236
414 174
442 287
20 18
473 202
436 187
363 113
221 236
184 128
472 16
204 77
279 391
218 381
39 421
262 7
336 115
118 293
414 470
43 458
142 71
465 458
240 109
468 220
263 368
459 412
7 219
421 438
91 99
119 122
237 448
245 39
352 402
214 454
423 255
122 2
449 293
145 61
10 462
132 317
301 119
263 394
184 291
239 298
239 193
79 436
48 265
337 141
99 173
313 179
100 7
88 423
68 341
150 89
35 131
200 270
336 403
43 278
401 456
178 211
303 42
141 244
156 115
390 27
225 281
388 397
427 1
117 31
259 336
352 383
366 259
120 28
366 38
295 280
110 222
228 72
424 32
268 179
57 88
306 37
82 290
214 129
241 417
150 309
38 5
459 121
347 432
459 232
95 110
452 453
59 302
197 189
200 98
184 298
237 176
357 427
299 348
400 246
389 164
45 135
420 186
304 133
163 403
352 235
309 171
472 235
328 130
156 131
468 342
205 472
28 463
264 380
61 274
294 214
269 57
356 336
277 282
458 301
451 67
33 70
107 318
94 241
149 371
164 396
287 127
428 176
371 464
255 85
385 22
151 339
428 286
203 239
65 154
141 87
458 262
443 73
56 79
44 329
92 276
125 452
366 272
63 407
106 71
133 39
218 304
160 365
85 248
103 34
263 15
197 296
280 364
271 311
238 156
113 441
359 184
428 347
281 323
179 64
201 431
137 31
368 127
366 163
458 80
278 221
318 365
217 127
394 418
25 19
467 216
228 43
346 178
379 187
413 34
475 398
266 24
232 43
174 309
79 153
447 330
287 219
166 373
213 317
314 250
445 95
387 145
66 280
166 114
275 326
429 58
85 306
109 425
410 100
199 321
391 78
104 251
51 373
306 83
454 67
13 265
388 88
81 417
314 437
391 283
109 75
110 235
239 370
226 37
168 269
67 130
339 248
238 180
183 299
65 125
443 205
199 468
217 355
424 327
68 216
200 373
409 406
254 262
215 332
14 348
190 7
19 329
101 284
67 396
348 203
470 464
370 175
84 213
142 180
457 453
155 371
24 296
80 60
111 11
148 430
113 263
428 338
132 456
312 25
385 4
213 244
346 91
62 306
350 113
327 194
151 205
185 60
235 403
56 158
198 121
448 42
12 344
466 226
118 279
114 255
339 30
330 264
303 427
186 440
61 153
5 430
289 27
458 72
251 84
349 382
338 33
388 130
142 184
391 82
264 111
120 386
53 175
190 197
392 158
79 164
153 448
285 292
260 416
130 359
203 282
311 37
16 3
136 429
453 155
75 106
36 29
362 374
1 33
145 473
244 43
418 369
358 67
71 301
18 386
471 189
208 236
8 159
76 91
25 156
175 157
53 395
391 36
222 260
91 219
221 435
398 221
364 15
75 30
334 403
45 405
298 457
394 54
117 115
326 152
218 418
403 252
285 122
198 6
343 469
472 272
161 459
426 260
386 256
90 105
436 453
176 4
434 215
126 143
106 391
25 254
224 226
225 163
237 239
415 231
165 296
416 229
444 69
230 295
23 179
404 450
10 411
128 440
195 177
28 123
361 435
68 112
304 177
333 409
15 358
31 92
233 387
178 462
444 241
353 471
21 425
116 460
31 66
187 112
399 49
307 305
224 58
201 74
63 30
52 458
102 466
418 29
159 456
334 26
381 62
253 83
255 455
292 57
212 11
388 230
115 303
358 33
256 42
150 205
229 199
128 418
336 291
219 415
171 137
168 451
331 177
201 169
411 4
423 191
278 159
400 335
277 329
331 161
130 128
287 220
285 197
334 407
208 76
358 86
45 288
110 21
209 229
307 257
27 29
179 96
389 23
394 9
390 407
84 406
84 144
57 85
93 357
342 311
445 448
339 154
454 395
12 182
247 377
417 269
416 400
77 200
44 144
163 201
105 454
66 374
107 386
224 367
311 192
9 27
458 406
316 234
90 256
20 189
456 251
322 190
303 106
341 187
37 148
338 202
46 150
302 418
467 409
315 220
306 233
163 59
398 166
423 226
98 447
336 334
108 16
339 380
408 392
72 166
396 291
53 91
362 253
341 400
8 150
288 340
159 49
330 122
144 307
327 399
175 426
116 347
228 47
149 432
265 50
77 67
402 165
409 442
74 114
206 276
23 117
376 175
273 387
219 237
265 293
231 453
128 23
89 330
366 365
158 397
180 227
195 208
128 171
440 461
253 420
380 383
42 35
169 199
299 93
258 375
157 261
275 344
347 327
349 194
37 239
2 89
338 262
373 116
75 342
6 75
89 126
455 367
136 446
178 260
153 239
457 173
328 395
395 91
365 409
312 13
96 99
455 179
332 255
405 152
375 199
21 39
417 20
394 461
410 356
426 256
438 417
358 25
143 380
111 160
407 118
187 399
443 284
54 50
185 435
449 151
37 299
310 373
277 41
291 303
253 16
456 206
2 195
302 173
133 172
125 282
70 446
180 225
163 199
206 45
220 354
171 107
104 411
276 233
415 164
200 446
247 416
35 126
48 218
220 219
121 331
320 141
215 96
457 406
196 375
97 44
103 127
104 283
245 41
171 353
147 85
430 391
51 270
438 406
231 85
244 234
4 307
424 177
252 44
4 297
167 235
63 18
116 17
333 365
242 164
119 463
136 451
364 328
14 194
39 321
414 402
375 209
338 457
40 110
464 267
388 153
406 190
28 98
294 416
164 419
425 212
193 241
306 309
105 99
86 196
212 410
16 31
255 83
134 349
467 18
199 394
201 299
215 383
270 372
145 55
223 392
108 320
109 4
386 345
430 256
324 168
120 447
68 471
428 107
451 121
304 399
271 109
196 34
105 350
132 303
399 237
145 307
348 45
291 46
439 261
131 28
375 346
190 276
123 93
104 182
279 397
241 319
133 463
247 277
448 65
189 340
383 170
125 297
269 250
257 268
348 336
3 269
319 384
159 428
453 210
263 304
378 67
115 60
331 452
183 52
252 42
266 171
389 272
25 107
28 283
118 171
116 371
396 451
20 175
205 74
133 272
95 397
290 147
75 212
257 329
273 163
222 450
151 177
220 109
350 344
364 461
224 380
78 467
210 458
253 444
461 119
195 330
256 90
296 292
21 212
53 392
233 161
395 134
424 213
294 405
242 38
398 238
89 14
78 241
141 201
328 260
192 46
277 357
406 62
56 17
230 7
292 421
103 327
64 463
291 64
390 445
317 53
117 202
403 149
54 376
160 235
237 4
459 46
101 288
59 69
71 437
398 230
15 274
197 345
122 364
87 405
188 242
41 93
23 189
63 232
256 119
4 463
423 269
86 62
407 306
130 195
342 404
453 462
257 76
12 24
179 215
87 298
120 42
231 250
57 190
436 40
358 230
416 352
96 470
254 30
17 122
333 98
185 349
319 366
123 476
339 250
133 350
272 217
237 251
48 71
174 92
285 378
289 8
338 244
219 104
144 367
429 13
161 406
83 213
27 380
281 457
203 462
16 345
231 457
417 408
14 328
252 150
363 126
169 321
414 256
267 106
340 219
196 358
47 147
334 403
462 257
310 117
57 322
317 136
15 164
316 17
307 440
314 38
28 210
294 280
359 412
356 100
394 25
147 87
405 170
29 96
442 254
93 474
22 288
313 325
98 436
28 134
374 332
227 240
302 171
212 437
219 164
375 366
291 57
25 60
301 29
300 166
66 357
466 173
66 458
287 265
385 123
68 398
194 192
202 29
210 91
62 345
346 476
273 276
189 213
8 325
223 331
38 309
51 382
66 452
139 36
38 273
437 122
375 350
295 376
93 15
345 289
53 452
283 445
129 233
306 84
107 90
320 252
228 113
162 423
23 320
374 303
412 195
222 250
293 370
194 304
148 432
383 400
218 133
11 263
82 415
221 119
430 296
139 212
338 243
376 125
58 401
183 265
344 389
382 129
235 151
435 342
151 368
340 464
137 25
114 16
251 396
48 374
262 449
120 147
328 310
345 164
136 43
346 282
281 15
61 230
472 463
149 67
164 301
72 56
34 167
92 191
391 66
257 370
266 140
395 62
108 367
69 5
156 448
194 85
205 39
393 82
467 424
400 61
5 458
118 369
183 457
229 266
202 454
96 132
364 375
89 197
287 22
314 390
472 202
143 103
297 90
415 142
460 112
439 126
341 280
274 135
252 21
450 388
81 48
167 242
453 469
418 102
219 304
144 326
440 289
99 356
118 314
95 49
205 208
293 291
373 49
441 123
399 97
255 185
279 11
246 146
238 330
5 418
448 101
47 412
383 231
310 50
383 226
171 130
99 354
133 372
245 157
472 307
232 89
98 278
332 44
280 29
382 344
47 68
407 346
354 75
110 415
158 2
281 284
127 92
342 167
88 2
155 203
343 209
424 137
372 381
170 178
58 308
122 371
369 382
421 364
4 7
13 443
285 243
3 269
441 23
141 438
382 428
350 102
447 75
222 152
176 26
401 467
72 103
403 192
193 38
281 334
128 319
27 126
96 204
330 241
239 350
391 220
205 145
253 68
237 20
445 178
190 384
83 146
356 170
417 159
148 276
416 200
261 267
47 163
223 206
325 380
315 203
184 475
313 18
385 402
223 233
251 34
367 6
394 404
59 236
80 410
457 125
392 335
36 189
37 207
309 236
159 311
274 212
403 156
18 77
228 429
112 181
80 215
295 292
284 402
232 335
126 16
373 89
221 4
406 448
72 158
1 308
175 271
122 71
431 153
188 103
120 134
5 221
284 442
228 303
115 32
259 66
136 152
236 327
137 3
91 333
202 342
366 126
309 455
177 336
407 329
65 457
288 200
76 61
357 222
330 370
344 403
357 216
432 135
419 49
439 144
370 95
222 335
39 139
322 281
145 223
86 6
450 221
165 333
185 396
196 101
385 88
41 424
439 107
120 31
88 170
133 372
192 185
244 59
8 67
36 220
353 437
27 229
462 256
362 410
253 326
16 389
438 269
12 474
380 37
91 456
132 256
246 401
347 125
456 222
236 385
447 252
143 346
86 472
127 248
413 441
203 84
416 108
38 353
126 267
315 120
80 262
307 127
250 101
294 157
143 466
130 115
473 288
123 408
449 330
231 135
349 114
199 448
376 346
425 120
152 246
307 299
79 246
256 333
255 331
224 154
23 273
17 278
93 90
361 445
208 169
404 7
115 70
290 258
184 62
348 393
323 439
410 465
443 333
98 196
196 34
47 5
122 63
208 342
476 130
159 119
163 364
248 236
399 344
366 91
279 399
236 60
136 190
108 19
152 431
71 228
91 232
287 89
6 40
236 356
147 422
368 94
259 426
158 264
304 220
358 424
182 144
126 445
420 292
194 33
57 168
107 120
459 213
227 70
106 299
78 136
41 146
209 332
218 92
410 168
247 293
302 119
374 379
121 447
250 75
338 413
410 413
278 12
382 223
361 403
208 66
330 136
449 66
123 64
246 223
324 450
42 120
172 121
234 171
318 448
307 5
185 179
91 12
282 381
174 143
209 154
323 188
320 274
251 183
424 254
145 427
129 278
244 334
229 231
323 267
206 2
50 219
195 54
220 143
292 175
292 416
117 469
78 374
321 241
352 314
368 3
324 52
242 306
432 443
461 37
269 140
89 475
328 269
38 330
110 423
429 11
307 110
362 142
103 77
36 414
378 262
247 286
475 66
389 51
367 402
17 367
33 346
222 282
110 7
108 413
271 244
205 414
413 106
233 39
54 177
394 381
76 60
21 378
107 220
253 47
160 32
223 174
152 185
282 370
173 256
385 64
24 336
21 473
187 265
97 435
169 275
321 242
461 144
336 194
37 476
216 310
328 28
208 221
345 394
416 396
47 250
433 218
226 107
232 295
36 234
248 27
216 47
420 198
371 146
421 441
414 453
234 336
339 291
67 119
272 367
431 369
230 339
188 142
60 275
298 264
250 190
249 73
63 240
77 469
165 393
154 227
122 50
441 154
21 95
30 84
48 433
473 248
461 58
254 144
461 180
121 378
458 28
287 187
331 184
371 186
271 449
89 188
319 475
373 458
355 130
365 393
291 118
144 349
209 221
262 352
386 370
98 456
123 182
138 411
207 443
258 39
216 377
195 132
143 355
105 113
326 33
358 109
271 228
280 2
382 106
50 397
453 404
404 232
233 189
470 188
332 18
354 243
281 332
35 182
324 393
69 207
316 156
303 466
393 171
52 367
425 426
417 20
112 240
162 450
97 339
97 438
31 189
44 119
194 202
282 281
311 110
427 16
158 100
456 434
293 164
71 259
93 131
92 371
463 166
199 162
139 309
377 44
82 435
257 300
475 203
11 435
354 364
296 166
333 287
405 218
254 473
252 411
201 264
61 464
107 86
339 370
204 79
270 352
232 63
196 468
243 169
30 75
387 75
8 158
407 304
310 476
59 113
299 246
106 298
250 206
203 194
105 8
436 318
406 280
454 221
159 176
357 101
385 255
414 139
112 431
159 240
214 378
359 146
265 197
120 429
423 429
86 451
309 68
289 405
167 133
138 345
47 452
145 70
262 158
230 154
457 386
178 298
259 251
108 130
175 369
30 1
114 322
84 291
130 381
433 315
469 256
385 434
451 249
62 392
119 109
38 136
22 228
399 423
316 241
368 19
415 385
449 328
140 358
436 89
2 373
8 346
40 122
117 321
365 427
375 313
411 344
239 157
430 122
28 262
182 203
332 41
380 61
308 123
217 264
318 130
361 111
17 283
174 170
374 341
274 278
395 54
60 166
163 374
5 389
21 17
141 172
248 348
12 373
330 234
424 423
424 24
154 97
394 358
285 74
470 57
117 116
242 165
62 160
270 32
49 411
270 460
316 371
182 338
434 396
365 293
362 300
348 218
162 280
289 371
104 4
104 449
340 86
224 158
333 353
167 150
415 410
345 132
61 124
152 412
412 114
69 390
446 467
429 144
252 157
418 381
304 393
342 375
472 337
116 184
310 58
186 22
461 252
224 448
331 357
266 19
29 133
429 200
177 188
108 442
90 364
43 149
44 109
441 394
425 94
384 90
270 271
147 394
86 413
438 247
290 241
37 286
67 55
339 155
350 234
411 79
388 22
277 221
265 391
352 67
166 288
11 84
68 25
458 219
66 375
338 22
315 350
31 12
452 21
349 300
320 50
43 358
404 97
79 186
204 122
412 343
347 63
386 269
403 163
256 56
79 318
283 50
390 361
37 30
95 180
143 80
187 230
132 300
417 425
175 275
99 296
440 11
296 20
216 265
437 147
451 422
403 169
158 241
340 289
227 104
156 130
11 406
24 116
379 337
243 366
53 138
202 110
81 133
392 114
369 150
22 224
280 467
24 13
69 258
206 17
397 81
182 285
222 437
95 331
407 164
104 103
373 287
125 228
143 412
146 145
173 82
84 211
183 76
425 202
184 63
22 49
407 80
263 427
242 392
461 329
467 456
444 224
454 416
141 69
284 425
64 343
75 144
471 349
151 102
23 272
196 179
346 78
173 124
135 149
310 185
88 74
129 198
82 306
7 416
216 311
401 323
180 388
344 319
179 329
383 139
293 93
82 276
242 393
328 247
143 148
409 201
330 449
24 218
164 163
276 152
170 298
196 361
455 103
98 71
312 257
272 364
7 162
252 363
221 156
174 340
143 321
140 64
141 103
128 295
410 241
222 109
18 127
343 406
87 396
25 355
172 173
74 279
6 89
61 266
308 397
91 345
230 36
407 62
281 70
18 50
16 178
46 434
85 100
291 204
157 164
303 432
324 253
250 274
91 105
134 80
299 59
278 360
225 44
63 60
42 244
115 360
240 338
53 217
326 297
30 209
474 432
133 229
99 33
68 346
287 364
475 221
28 251
411 133
415 185
382 345
251 470
174 425
166 347
300 96
154 218
207 222
295 247
82 78
31 27
426 93
106 354
155 173
470 122
186 291
172 182
394 230
143 289
3 253
138 363
147 22
2 41
397 195
259 121
67 332
258 290
423 124
14 200
428 21
327 361
423 389
210 413
425 133
216 166
301 101
464 437
12 176
246 136
146 458
341 432
222 450
272 302
345 259
449 457
282 11
74 313
428 37
375 187
10 303
272 261
49 277
257 112
110 285
19 122
255 231
228 447
215 317
288 110
438 173
39 238
124 389
371 41
52 188
181 377
66 438
118 24
203 111
204 251
235 431
14 236
298 276
418 45
363 161
419 388
461 187
7 110
238 310
143 26
74 146
384 336
50 64
109 20
409 429
30 171
430 127
168 51
189 329
232 15
151 61
374 27
114 35
469 206
388 55
392 184
179 252
222 65
1 364
69 248
87 90
290 349
10 358
14 435
73 448
117 32
398 89
111 367
444 133
114 462
63 221
428 161
342 416
358 82
117 286
37 230
256 260
374 120
139 286
392 224
68 337
92 403
468 171
233 18
386 282
184 396
248 260
212 334
310 30
452 367
219 205
43 326
381 257
416 471
98 416
134 426
223 309
278 144
450 169
426 9
106 328
107 226
67 309
188 407
356 118
180 144
189 453
90 118
114 260
126 325
198 65
68 378
176 332
290 22
193 380
146 380
151 334
188 76
17 67
236 263
143 157
346 249
218 70
358 322
133 422
330 428
452 47
339 203
177 249
39 468
292 122
171 93
452 24
275 416
235 21
237 269
127 180
471 247
89 22
39 450
155 41
460 202
88 25
210 58
359 164
277 77
308 216
26 351
30 167
255 448
457 337
283 160
268 289
445 250
436 314
470 120
367 351
191 216
290 432
67 101
470 108
162 264
40 376
462 443
389 182
278 315
62 202
457 36
151 109
12 349
212 254
467 258
171 170
392 45
177 127
365 63
255 73
170 142
275 82
180 232
139 336
239 88
103 216
129 109
181 22
300 246
255 417
213 408
330 89
94 374
102 381
264 158
44 419
77 451
99 241
384 42
405 466
49 443
475 50
46 239
316 303
427 279
25 461
276 98
29 228
66 301
460 415
324 97
408 250
39 137
217 79
64 418
182 473
295 453
393 228
132 232
61 343
308 278
397 325
310 424
11 303
412 439
25 306
455 463
285 53
149 23
134 295
107 84
243 85
447 224
64 427
264 81
217 239
365 21
391 19
118 422
441 462
465 194
421 246
311 98
230 210
6 169
164 182
445 456
126 70
390 377
411 292
307 66
339 427
451 308
361 210
152 187
299 415
18 442
131 402
116 263
435 378
311 164
17 449
251 152
377 415
47 84
134 384
270 255
164 50
177 456
115 386
458 443
251 104
335 1
166 473
206 451
169 452
330 328
159 399
272 85
264 401
131 382
95 243
206 333
164 390
107 130
237 120
58 461
210 336
310 165
290 328
357 293
152 123
429 228
290 28
49 307
363 263
349 461
149 339
386 266
371 475
167 1
183 354
94 352
300 208
376 407
109 245
36 433
39 345
33 110
95 343
424 374
20 109
440 237
413 180
367 334
36 103
266 359
219 113
258 195
85 84
195 181
410 183
360 465
243 241
22 388
402 206
375 37
440 64
211 300
135 458
95 106
123 292
212 405
311 329
73 50
102 269
88 183
418 218
475 460
146 376
27 114
45 386
240 407
456 451
148 291
278 405
122 35
459 403
93 227
241 142
466 260
96 122
362 289
161 466
273 33
85 236
153 321
181 166
460 89
309 286
313 85
89 408
61 318
174 443
297 130
58 9
187 113
292 267
437 201
205 75
423 367
142 338
454 194
317 191
450 141
229 126
407 112
85 457
73 459
306 96
328 437
262 199
87 194
94 292
344 464
325 269
116 169
58 187
154 453
323 81
246 191
137 202
278 97
224 465
27 99
173 146
333 218
226 155
252 450
280 267
40 340
345 370
372 38
466 205
310 465
233 85
433 208
399 183
104 44
449 408
418 121
12 77
424 462
401 222
274 20
198 426
144 335
324 161
234 406
279 96
470 180
16 95
158 52
134 257
270 241
231 30
177 260
70 91
197 11
46 211
280 61
402 214
471 53
69 339
51 347
49 324
251 209
178 388
421 228
8 334
265 390
177 63
217 138
24 406
340 271
93 372
355 409
48 146
406 284
393 246
108 382
250 413
452 317
330 114
44 409
68 268
147 251
119 385
182 470
167 326
124 262
422 282
240 143
75 315
233 337
59 308
185 76
267 474
243 402
421 308
432 30
239 15
148 308
426 74
169 381
72 92
51 57
187 276
198 175
146 454
74 405
170 212
453 38
29 133
104 288
435 109
301 262
254 33
211 366
95 440
421 376
169 255
264 130
139 449
99 229
445 111
298 133
349 324
206 453
237 116
97 60
456 206
437 172
399 272
269 57
138 225
76 393
10 440
107 37
339 130
309 52
372 465
191 376
129 96
302 82
110 415
97 38
302 196
301 252
246 300
24 102
111 446
397 393
215 310
419 450
195 110
152 156
6 158
439 418
380 241
348 148
26 446
34 37
115 107
473 93
226 274
94 366
411 199
377 217
459 33
413 187
192 62
210 439
389 128
4 266
82 194
256 154
75 227
8 221
35 199
17 474
327 386
38 8
395 91
422 44
245 312
415 115
160 154
368 349
371 284
29 370
73 274
76 228
423 185
329 403
281 287
271 416
264 102
249 78
378 57
71 41
233 197
238 188
122 459
78 324
281 300
369 108
395 206
204 388
123 412
235 317
189 366
449 205
79 218
353 449
33 386
271 48
3 205
2 441
355 346
24 35
63 393
168 440
99 382
443 60
23 32
201 406
25 161
246 186
194 33
186 158
104 208
300 246
238 453
416 432
108 299
422 63
389 204
116 259
342 289
435 370
24 321
263 351
283 64
225 234
444 25
26 400
238 202
89 476
4 441
325 316
40 154
101 130
9 357
144 150
355 183
437 65
162 133
181 446
98 158
238 450
451 107
269 259
268 438
260 196
236 116
193 410
252 409
63 256
102 219
103 94
128 76
206 52
51 293
446 420
297 38
221 246
89 200
324 221
326 197
422 101
43 407
253 90
310 361
336 110
82 364
1 154
337 201
229 206
18 69
411 47
113 63
250 135
74 262
157 163
100 178
397 468
137 215
94 450
216 6
299 321
275 377
10 250
402 159
473 431
127 63
65 164
98 245
180 51
270 39
473 336
146 330
287 238
89 100
145 87
275 71
209 64
419 349
459 426
441 5
431 23
469 119
166 241
33 68
181 376
127 470
306 130
207 229
112 212
435 138
268 452
194 468
476 105
71 422
474 334
213 113
347 370
388 4
30 16
123 59
126 354
142 7
295 299
354 217
65 315
279 37
429 108
269 319
153 99
207 163
211 17
421 123
251 250
328 300
311 384
352 372
147 121
336 231
24 86
200 157
428 448
216 311
123 197
168 225
119 139
152 207
182 215
184 231
207 22
148 65
276 268
18 384
363 307
298 119
462 73
152 405
456 68
12 5
312 207
415 21
43 307
152 247
109 85
354 240
234 29
410 382
101 128
6 23
469 148
299 118
361 438
286 99
97 321
55 411
107 100
353 444
264 119
132 371
168 366
379 340
315 150
296 345
188 191
120 358
448 167
427 377
100 316
145 76
44 33
116 214
393 465
337 371
191 260
86 233
417 292
380 111
177 132
168 460
338 446
431 21
278 22
296 369
183 364
107 370
405 348
285 412
426 87
437 204
450 164
177 204
329 150
404 427
366 405
82 208
134 257
445 150
105 245
406 458
40 250
411 463
287 399
56 213
439 230
184 226
243 239
379 130
313 174
53 128
394 52
440 201
325 333
436 419
61 363
356 213
125 207
20 224
397 414
301 199
314 230
375 238
11 31
244 409
408 113
191 162
184 43
102 303
126 205
443 64
2 118
388 240
393 431
328 5
228 349
363 380
242 417
413 232
344 398
99 23
208 232
452 474
362 239
301 361
290 66
372 393
187 429
313 410
464 434
302 256
163 323
311 386
381 436
187 186
158 340
3 241
391 378
168 86
408 436
404 460
444 370
180 449
187 40
70 333
36 454
46 159
240 236
20 443
317 75
307 277
308 341
434 307
98 3
213 214
243 274
340 132
399 324
210 4
83 75
366 415
119 112
356 358
32 138
284 85
280 165
349 194
194 130
120 313
447 333
239 183
433 471
443 97
335 410
280 359
204 359
160 233
271 142
404 114
148 304
187 262
32 357
451 60
317 346
165 302
465 276
201 348
7 256
363 318
214 430
395 466
456 374
18 134
469 220
134 290
250 148
146 344
440 458
233 124
436 318
449 93
66 406
286 370
181 335
254 9
412 371
14 15
414 115
362 13
12 78
84 222
205 460
17 184
135 271
63 114
75 29
65 206
18 24
453 441
437 380
248 456
208 57
206 28
419 162
327 256
324 439
62 322
243 420
29 337
388 262
393 216
374 351
237 433
163 434
285 386
172 201
162 232
231 122
161 360
217 73
156 274
359 277
197 336
131 191
445 62
337 19
157 52
208 48
294 452
302 84
344 60
421 254
101 50
80 261
125 384
290 315
368 326
401 375
59 323
143 190
139 187
132 201
42 113
256 384
132 181
43 377
235 310
260 317
383 34
352 299
278 284
48 256
400 151
364 432
10 95
268 386
321 121
42 443
302 111
471 260
144 46
385 303
106 6
268 113
403 251
11 104
313 49
399 230
343 11
160 76
288 145
390 348
38 473
468 408
204 254
50 270
107 102
288 174
448 476
334 171
284 353
272 411
284 123
473 450
84 45
451 370
384 217
211 350
416 284
15 409
35 268
255 233
443 135
308 379
241 276
233 370
404 116
101 394
238 173
138 164
58 185
394 272
220 258
15 351
135 154
343 69
235 58
414 391
425 157
310 367
361 300
312 396
463 267
452 112
473 429
335 65
150 337
67 442
34 197
296 53
186 152
70 351
392 410
58 9
129 311
418 127
176 185
305 469
36 57
206 254
225 294
56 83
444 192
476 361
143 4
334 417
28 476
425 235
124 127
91 471
232 396
382 220
204 41
10 67
369 352
443 149
55 292
195 246
124 70
402 157
287 407
394 135
80 23
221 433
457 265
459 445
164 331
288 77
240 364
199 68
406 436
463 194
403 23
370 396
402 14
167 147
303 12
263 232
52 408
128 278
247 180
171 284
37 190
69 99
268 223
231 151
476 143
120 261
92 124
293 268
169 26
330 463
213 265
470 48
251 364
172 142
96 453
314 256
436 320
74 143
408 246
104 135
322 142
294 316
276 474
238 5
157 241
106 84
194 447
258 231
225 25
126 292
461 47
342 298
455 444
252 325
295 30
165 345
89 358
107 182
276 77
470 134
423 117
447 162
329 209
95 22
96 176
156 398
285 106
157 273
205 435
169 293
439 404
163 108
159 465
113 33
118 49
137 204
405 426
137 64
238 236
141 182
239 294
157 3
68 237
183 458
199 119
69 243
436 422
474 220
189 22
25 266
447 335
357 391
413 338
242 283
39 397
91 224
236 51
224 196
445 218
111 416
277 92
8 329
78 278
323 15
13 275
299 432
198 221
92 16
59 107
255 349
269 441
347 260
318 454
236 107
344 196
374 174
9 227
444 16
137 299
398 279
136 28
167 129
126 353
452 209
246 437
339 350
392 42
103 83
258 362
63 141
187 192
92 473
163 405
32 93
442 139
83 374
10 388
407 91
432 218
215 372
454 222
282 55
188 458
394 230
281 88
106 44
333 260
196 238
19 255
198 36
398 234
470 351
459 117
69 337
331 122
166 28
81 452
35 143
335 309
277 402
387 253
371 407
217 326
380 136
406 290
22 364
94 207
426 141
307 20
45 123
86 430
356 178
330 150
403 43
347 334
360 326
385 14
303 347
377 145
34 453
239 317
286 475
81 75
202 274
182 267
406 68
28 404
462 394
391 455
4 467
372 313
260 255
78 95
127 415
33 315
52 191
295 25
289 151
402 164
10 368
331 430
73 231
49 269
282 159
38 207
3 234
285 262
50 390
124 306
400 213
135 390
164 198
449 214
275 53
253 320
287 341
302 26
385 222
267 464
76 16
428 250
322 262
182 133
396 217
274 178
273 472
154 13
299 420
13 18
105 63
314 109
305 57
78 354
333 215
234 71
239 203
296 356
263 308
270 237
239 188
276 190
280 131
472 195
134 424
440 117
203 393
95 319
308 110
399 115
373 105
38 1
379 208
119 307
345 445
121 243
449 118
218 298
29 300
85 298
406 132
237 264
433 332
185 146
288 466
240 397
475 5
154 247
1 2
300 167
279 47
64 144
64 376
288 54
114 221
8 235
465 328
397 175
309 21
430 244
312 93
105 358
93 153
49 152
307 131
125 423
237 228
252 149
35 249
343 378
7 49
40 93
58 170
70 413
321 168
289 211
319 301
203 60
399 72
67 291
52 210
310 434
239 355
470 259
173 281
116 216
291 226
164 245
70 155
99 200
145 381
174 346
54 184
86 421
313 61
107 79
389 451
228 201
307 419
242 26
426 87
226 193
369 363
21 148
400 97
10 24
38 66
281 261
330 250
23 31
157 324
27 439
61 82
208 431
249 446
315 179
3 365
193 161
148 229
8 460
15 336
78 177
10 248
31 158
18 297
175 327
29 17
82 90
72 395
152 257
205 27
92 271
427 37
248 366
110 130
14 98
39 359
458 181
68 375
78 100
162 438
231 304
7 340
474 412
362 62
230 140
66 219
398 456
326 401
364 212